1	0	0
0.99989034	0.00002328	0
0.99956142	0.00009311	0
0.99901336	0.00020939	0
0.99824643	0.00037198	0
0.99726095	0.00058068	0
0.99605735	0.00083522	0
0.99463617	0.0011353	0
0.99299802	0.00148055	0
0.99114363	0.00187054	0
0.9890738	0.00230479	0
0.98678945	0.00278279	0
0.98429158	0.00330396	0
0.98158128	0.00386766	0
0.97865975	0.00447324	0
0.97552826	0.00511997	0
0.97218819	0.0058071	0
0.96864099	0.00653384	0
0.96488824	0.00729934	0
0.96093158	0.00810274	0
0.95677273	0.00894313	0
0.95241353	0.00981957	0
0.94785588	0.0107311	0
0.94310179	0.01167671	0
0.93815334	0.01265539	0
0.9330127	0.0136661	0
0.92768213	0.01470776	0
0.92216396	0.01577928	0
0.91646062	0.01687958	0
0.9105746	0.01800751	0
0.9045085	0.01916196	0
0.89826496	0.02034177	0
0.89184673	0.02154578	0
0.88525662	0.02277282	0
0.87849753	0.02402171	0
0.87157241	0.02529126	0
0.86448431	0.02658029	0
0.85723634	0.02788758	0
0.84983167	0.02921192	0
0.84227355	0.03055211	0
0.8345653	0.03190692	0
0.8267103	0.03327514	0
0.81871199	0.03465552	0
0.81057389	0.03604683	0
0.80229956	0.03744784	0
0.79389263	0.03885729	0
0.78535678	0.04027393	0
0.77669577	0.04169651	0
0.7679134	0.04312375	0
0.7590135	0.04455437	0
0.75	0.04598709	0
0.74087684	0.04742062	0
0.73164802	0.04885365	0
0.72231759	0.05028486	0
0.71288965	0.05171293	0
0.70336832	0.05313651	0
0.69375779	0.05455424	0
0.68406228	0.05596476	0
0.67428602	0.05736667	0
0.66443332	0.05875859	0
0.6545085	0.06013909	0
0.6445159	0.06150674	0
0.63445991	0.06286009	0
0.62434494	0.06419768	0
0.61417544	0.06551802	0
0.60395585	0.06681962	0
0.59369066	0.06810097	0
0.58338437	0.06936053	0
0.57304151	0.07059676	0
0.56266662	0.07180811	0
0.55226423	0.07299302	0
0.54183892	0.0741499	0
0.53139526	0.07527717	0
0.52093783	0.07637324	0
0.51047121	0.07743651	0
0.5	0.07846538	0
0.48952879	0.07945825	0
0.47906217	0.08041353	0
0.46860474	0.08132962	0
0.45816108	0.08220494	0
0.44773577	0.08303793	0
0.43733338	0.08382702	0
0.42695849	0.08457068	0
0.41661563	0.08526739	0
0.40630934	0.08591567	0
0.39604415	0.08651406	0
0.38582456	0.08706113	0
0.37565506	0.08755549	0
0.36554009	0.0879958	0
0.3554841	0.08838075	0
0.3454915	0.0887091	0
0.33556668	0.08897964	0
0.32571398	0.08919123	0
0.31593772	0.08934278	0
0.30624221	0.08943329	0
0.29663168	0.0894618	0
0.28711035	0.08942742	0
0.27768241	0.08932936	0
0.26835198	0.08916687	0
0.25912316	0.08893932	0
0.25	0.08864613	0
0.2409865	0.08828682	0
0.2320866	0.08786098	0
0.22330423	0.08736831	0
0.21464322	0.08680858	0
0.20610737	0.08618165	0
0.19770044	0.08548749	0
0.18942611	0.08472613	0
0.18128801	0.08389771	0
0.1732897	0.08300246	0
0.1654347	0.08204068	0
0.15772645	0.08101279	0
0.15016833	0.07991926	0
0.14276366	0.07876067	0
0.13551569	0.07753767	0
0.12842759	0.07625098	0
0.12150247	0.07490141	0
0.11474338	0.07348984	0
0.10815327	0.07201722	0
0.10173504	0.07048456	0
0.0954915	0.06889292	0
0.0894254	0.06724343	0
0.08353938	0.06553728	0
0.07783604	0.06377567	0
0.07231787	0.06195987	0
0.0669873	0.06009118	0
0.06184666	0.05817093	0
0.05689821	0.05620046	0
0.05214412	0.05418114	0
0.04758647	0.05211435	0
0.04322727	0.05000146	0
0.03906842	0.04784387	0
0.03511176	0.04564295	0
0.03135901	0.04340005	0
0.02781181	0.04111654	0
0.02447174	0.03879372	0
0.02134025	0.03643289	0
0.01841872	0.0340353	0
0.01570842	0.03160217	0
0.01321055	0.02913467	0
0.0109262	0.02663392	0
0.00885637	0.02410099	0
0.00700198	0.02153687	0
0.00536383	0.01894252	0
0.00394265	0.0163188	0
0.00273905	0.01366654	0
0.00175357	0.01098645	0
0.00098664	0.00827921	0
0.00043858	0.0055454	0
0.00010966	0.00278552	0
0	0	0
0.00010966	-0.00278552	0
0.00043858	-0.0055454	0
0.00098664	-0.00827921	0
0.00175357	-0.01098645	0
0.00273905	-0.01366654	0
0.00394265	-0.0163188	0
0.00536383	-0.01894252	0
0.00700198	-0.02153687	0
0.00885637	-0.02410099	0
0.0109262	-0.02663392	0
0.01321055	-0.02913467	0
0.01570842	-0.03160217	0
0.01841872	-0.0340353	0
0.02134025	-0.03643289	0
0.02447174	-0.03879372	0
0.02781181	-0.04111654	0
0.03135901	-0.04340005	0
0.03511176	-0.04564295	0
0.03906842	-0.04784387	0
0.04322727	-0.05000146	0
0.04758647	-0.05211434	0
0.05214412	-0.05418114	0
0.05689821	-0.05620046	0
0.06184666	-0.05817093	0
0.0669873	-0.06009118	0
0.07231787	-0.06195987	0
0.07783604	-0.06377567	0
0.08353938	-0.06553728	0
0.0894254	-0.06724343	0
0.0954915	-0.06889292	0
0.10173504	-0.07048456	0
0.10815327	-0.07201722	0
0.11474338	-0.07348984	0
0.12150247	-0.07490141	0
0.12842759	-0.07625098	0
0.13551569	-0.07753767	0
0.14276366	-0.07876067	0
0.15016833	-0.07991926	0
0.15772645	-0.08101279	0
0.1654347	-0.08204068	0
0.1732897	-0.08300246	0
0.18128801	-0.08389771	0
0.18942611	-0.08472613	0
0.19770044	-0.08548749	0
0.20610737	-0.08618165	0
0.21464322	-0.08680858	0
0.22330423	-0.08736831	0
0.2320866	-0.08786098	0
0.2409865	-0.08828682	0
0.25	-0.08864613	0
0.25912316	-0.08893932	0
0.26835198	-0.08916687	0
0.27768241	-0.08932936	0
0.28711035	-0.08942742	0
0.29663168	-0.0894618	0
0.30624221	-0.08943329	0
0.31593772	-0.08934278	0
0.32571398	-0.08919123	0
0.33556668	-0.08897964	0
0.3454915	-0.0887091	0
0.3554841	-0.08838075	0
0.36554009	-0.0879958	0
0.37565506	-0.08755549	0
0.38582456	-0.08706113	0
0.39604415	-0.08651406	0
0.40630934	-0.08591567	0
0.41661563	-0.08526739	0
0.42695849	-0.08457068	0
0.43733338	-0.08382702	0
0.44773577	-0.08303793	0
0.45816108	-0.08220494	0
0.46860474	-0.08132962	0
0.47906217	-0.08041353	0
0.48952879	-0.07945825	0
0.5	-0.07846538	0
0.51047121	-0.07743651	0
0.52093783	-0.07637324	0
0.53139526	-0.07527717	0
0.54183892	-0.0741499	0
0.55226423	-0.07299302	0
0.56266662	-0.07180811	0
0.57304151	-0.07059676	0
0.58338437	-0.06936053	0
0.59369066	-0.06810097	0
0.60395585	-0.06681962	0
0.61417544	-0.06551802	0
0.62434494	-0.06419768	0
0.63445991	-0.06286009	0
0.6445159	-0.06150674	0
0.6545085	-0.06013909	0
0.66443332	-0.05875859	0
0.67428602	-0.05736667	0
0.68406228	-0.05596476	0
0.69375779	-0.05455424	0
0.70336832	-0.05313651	0
0.71288965	-0.05171293	0
0.72231759	-0.05028486	0
0.73164802	-0.04885365	0
0.74087684	-0.04742062	0
0.75	-0.04598709	0
0.7590135	-0.04455437	0
0.7679134	-0.04312375	0
0.77669577	-0.04169651	0
0.78535678	-0.04027393	0
0.79389263	-0.03885729	0
0.80229956	-0.03744784	0
0.81057389	-0.03604683	0
0.81871199	-0.03465552	0
0.8267103	-0.03327514	0
0.8345653	-0.03190692	0
0.84227355	-0.03055211	0
0.84983167	-0.02921192	0
0.85723634	-0.02788758	0
0.86448431	-0.02658029	0
0.87157241	-0.02529126	0
0.87849753	-0.02402171	0
0.88525662	-0.02277282	0
0.89184673	-0.02154578	0
0.89826496	-0.02034177	0
0.9045085	-0.01916196	0
0.9105746	-0.01800751	0
0.91646062	-0.01687958	0
0.92216396	-0.01577928	0
0.92768213	-0.01470776	0
0.9330127	-0.0136661	0
0.93815334	-0.01265539	0
0.94310179	-0.01167671	0
0.94785588	-0.0107311	0
0.95241353	-0.00981957	0
0.95677273	-0.00894313	0
0.96093158	-0.00810274	0
0.96488824	-0.00729934	0
0.96864099	-0.00653384	0
0.97218819	-0.0058071	0
0.97552826	-0.00511997	0
0.97865975	-0.00447324	0
0.98158128	-0.00386766	0
0.98429158	-0.00330396	0
0.98678945	-0.00278279	0
0.9890738	-0.00230479	0
0.99114363	-0.00187054	0
0.99299802	-0.00148055	0
0.99463617	-0.0011353	0
0.99605735	-0.00083522	0
0.99726095	-0.00058068	0
0.99824643	-0.00037198	0
0.99901336	-0.00020939	0
0.99956142	-0.00009311	0
0.99989034	-0.00002328	0
1	0	0
