Iteration	CPUTime	PhysTime	Travels	Value	AvValue	MinValue	MaxValue	Delta	Criteria	PrevAvRefValue	Progress	CriteriaType	CriteriaVarType	CriteriaPercentage
1	0	0	0.025	202.994998	202.994998	202.994998	202.994998	0	0	0	0	0	0	3
2	1	0	0.05	199.495909	201.245454	199.495909	202.994998	1.74954463	0	0	0	0	0	3
3	1	0	0.075	196.574668	199.688525	196.574668	202.994998	3.30647331	0	0	0	0	0	3
4	1	0	0.1	197.229958	199.073883	196.574668	202.994998	3.92111499	0	0	0	0	0	3
5	1	0	0.125	197.968209	198.852749	196.574668	202.994998	4.14224989	0	0	0	0	0	3
6	1	0	0.15	196.752223	198.502661	196.574668	202.994998	4.49233752	0	0	0	0	0	3
7	1	0	0.175	194.243024	197.894141	194.243024	202.994998	5.10085713	0	0	0	0	0	3
8	1	0	0.2	191.046565	197.038194	191.046565	202.994998	5.95680421	0	0	0	0	0	3
9	2	0	0.225	190.863601	196.352128	190.863601	202.994998	6.64287009	0	0	0	0	0	3
10	2	0	0.25	193.164375	196.033353	190.863601	202.994998	6.96164542	0	0	0	0	0	3
11	2	0	0.275	195.829144	196.014789	190.863601	202.994998	6.98020984	0	0	0	0	0	3
12	2	0	0.3	196.391802	196.046206	190.863601	202.994998	6.98020984	0	0	0	0	0	3
13	2	0	0.325	196.528552	196.08331	190.863601	202.994998	6.98020984	0	0	0	0	0	3
14	2	0	0.35	198.203476	196.23475	190.863601	202.994998	6.98020984	0	0	0	0	0	3
15	2	0	0.375	197.690422	196.331795	190.863601	202.994998	6.98020984	0	0	0	0	0	3
16	2	0	0.4	197.04224	196.376198	190.863601	202.994998	6.98020984	0	0	0	0	0	3
17	3	0	0.425	198.538443	196.503389	190.863601	202.994998	6.98020984	0	0	0	0	0	3
18	3	0	0.45	197.473099	196.557262	190.863601	202.994998	6.98020984	0	0	0	0	0	3
19	3	0	0.475	198.078928	196.637349	190.863601	202.994998	6.98020984	0	0	0	0	0	3
20	3	0	0.5	196.900619	196.650513	190.863601	202.994998	6.98020984	0	0	0	0	0	3
21	3	0	0.525	197.512281	196.376377	190.863601	199.495909	5.23066521	0	0	0	0	0	3
22	3	0	0.55	196.218928	196.212528	190.863601	198.538443	3.67373653	0	0	0	0	0	3
23	3	0	0.575	196.892763	196.228433	190.863601	198.538443	3.05909485	0	0	0	0	0	3
24	3	0	0.6	195.562875	196.145078	190.863601	198.538443	2.83795995	0	0	0	0	0	3
25	4	0	0.625	196.262991	196.059818	190.863601	198.538443	2.48787231	0	0	0	0	0	3
26	4	0	0.65	194.824711	195.963442	190.863601	198.538443	1.93069936	0	0	0	0	0	3
27	4	0	0.675	195.603308	196.031456	190.863601	198.538443	1.07475229	0	0	0	0	0	3
28	4	0	0.7	194.209838	196.18962	190.863601	198.538443	0.687070796	0	0	0	0	0	3
29	4	0	0.725	195.062495	196.399564	193.164375	198.538443	0.687070796	0	0	0	0	0	3
30	4	0	0.75	193.749124	196.428802	193.749124	198.538443	0.687070796	0	0	0	0	0	3
31	4	0	0.775	194.565996	196.365645	193.749124	198.538443	0.687070796	0	0	0	0	0	3
32	4	0	0.8	193.238584	196.207984	193.238584	198.538443	0.687070796	0	0	0	0	0	3
33	5	0	0.825	194.018767	196.082494	193.238584	198.538443	0.687070796	0	0	0	0	0	3
34	5	0	0.85	192.760033	195.810322	192.760033	198.538443	0.840190475	0	0	0	0	0	3
35	5	0	0.875	193.577204	195.604661	192.760033	198.538443	1.04585142	0	0	0	0	0	3
36	5	0	0.9	192.310138	195.368056	192.310138	198.538443	1.28245651	0	0	0	0	0	3
37	5	0	0.925	193.160212	195.099145	192.310138	198.078928	1.55136805	0	0	0	0	0	3
38	5	0	0.95	191.616003	194.80629	191.616003	198.078928	1.84422281	0	0	0	0	0	3
39	5	0	0.975	193.510314	194.577859	191.616003	197.512281	2.0726535	0	0	0	0	0	3
40	5	0	1	191.254567	194.295557	191.254567	197.512281	2.13324532	1.1512262	0	53.9	0	0	3
41	6	0	1.025	192.779008	194.058893	191.254567	196.892763	2.36990897	1.1512262	0	48.5	0	0	3
42	6	0	1.05	191.569262	193.82641	191.254567	196.892763	2.60239227	1.1512262	0	44.2	0	0	3
43	6	0	1.075	192.314814	193.597512	191.254567	196.262991	2.83128974	1.1512262	0	40.6	0	0	3
44	6	0	1.1	190.847712	193.466569	190.847712	196.262991	2.96223262	1.15182206	0	38.8	0	0	3
45	6	0	1.125	192.708224	193.330634	190.847712	196.262991	3.09816839	1.15217958	0	37.1	0	0	3
46	6	0	1.15	190.54991	193.058582	190.54991	195.603308	3.37021988	1.15986297	0	34.4	0	0	3
47	6	0	1.175	192.068076	192.927314	190.54991	195.603308	3.50148819	1.16535111	0	33.2	0	0	3
48	6	0	1.2	190.55208	192.686779	190.54991	195.062495	3.74202283	1.16946721	0	31.2	0	0	3
49	7	0	1.225	192.347038	192.598074	190.54991	195.062495	3.83072759	1.17266862	0	30.6	0	0	3
50	7	0	1.25	190.228421	192.36788	190.228421	194.565996	4.0609216	1.18005208	0	29	0	0	3
51	7	0	1.275	191.715837	192.271057	190.228421	194.565996	4.09458738	1.1860931	0	28.9	0	0	3
52	7	0	1.3	190.209524	192.063606	190.209524	194.018767	3.80924308	1.1913635	0	31.2	0	0	3
53	7	0	1.325	191.955167	192.002491	190.209524	194.018767	3.80924308	1.19582306	0	31.3	0	0	3
54	7	0	1.35	189.868785	191.804873	189.868785	193.577204	3.70841854	1.20329632	0	32.4	0	0	3
55	8	0	1.375	191.364069	191.738398	189.868785	193.577204	3.70841854	1.20977314	0	32.6	0	0	3
56	8	0	1.4	189.863852	191.561572	189.863852	193.510314	3.64646246	1.21548661	0	33.3	0	0	3
57	8	0	1.425	191.32213	191.514524	189.863852	193.510314	3.58462059	1.2205279	0	34	0	0	3
58	8	0	1.45	189.829752	191.355931	189.829752	193.510314	3.45035913	1.22146393	0	35.4	0	0	3
59	8	0	1.475	191.258867	191.338924	189.829752	193.510314	3.23893496	1.22230142	0	37.7	0	0	3
60	8	0	1.5	189.765521	191.160601	189.765521	192.779008	3.01348674	1.21928705	0	40.4	0	0	3
61	8	0	1.525	191.189121	191.157484	189.765521	192.779008	2.90140868	1.21655976	0	41.9	0	0	3
62	8	0	1.55	188.891578	190.972369	188.891578	192.708224	2.85404109	1.21581512	0	42.5	0	0	3
63	9	0	1.575	190.379257	190.915702	188.891578	192.708224	2.68181052	1.21513524	0	45.3	0	0	3
64	9	0	1.6	189.175835	190.766227	188.891578	192.708224	2.7003428	1.21057594	0	44.8	0	0	3
65	9	0	1.625	189.69667	190.711415	188.891578	192.708224	2.61921852	1.20638138	0	46	0	0	3
66	9	0	1.65	188.716644	190.52134	188.716644	192.347038	2.53724228	1.19971285	0	47.2	0	0	3
67	9	0	1.675	190.312213	190.510021	188.716644	192.347038	2.41729287	1.19353828	0	49.3	0	0	3
68	9	0	1.7	188.022821	190.31739	188.022821	192.347038	2.36938944	1.18862446	0	50.1	0	0	3
69	9	0	1.725	189.846651	190.283798	188.022821	192.347038	2.31427655	1.18404951	0	51.1	0	0	3
70	9	0	1.75	188.762704	190.113115	188.022821	191.955167	2.25476512	1.17729707	0	52.2	0	0	3
71	10	0	1.775	190.152769	190.109513	188.022821	191.955167	2.16154439	1.17098028	0	54.1	0	0	3
72	10	0	1.8	187.959366	189.930633	187.959366	191.955167	2.13297292	1.16279059	0	54.5	0	0	3
73	10	0	1.825	189.774053	189.909896	187.959366	191.955167	2.09259454	1.15509724	0	55.1	0	0	3
74	10	0	1.85	188.707107	189.755227	187.959366	191.364069	2.04964591	1.1512262	0	56.1	0	0	3
75	10	0	1.875	190.067647	189.764697	187.959366	191.364069	1.98317146	1.1512262	0	58	0	0	3
76	10	0	1.9	187.99638	189.60433	187.959366	191.32213	1.95724173	1.1512262	0	58.8	0	0	3
77	10	0	1.925	189.696056	189.59634	187.959366	191.32213	1.918184	1.1512262	0	60	0	0	3
78	10	0	1.95	188.594788	189.466467	187.959366	191.258867	1.88946412	1.1512262	0	60.9	0	0	3
79	11	0	1.975	189.482145	189.449914	187.959366	191.258867	1.88901033	1.1512262	0	60.9	0	0	3
80	11	0	2	188.15358	189.302043	187.959366	191.189121	1.85855762	1.1512262	0	61.9	0	0	3
81	11	0	2.025	189.831637	189.305192	187.959366	191.189121	1.85544114	1.1512262	0	62	0	0	3
82	11	0	2.05	187.897862	189.148465	187.897862	190.379257	1.82390371	1.1512262	0	63.1	0	0	3
83	11	0	2.075	189.545909	189.179624	187.897862	190.379257	1.76723681	1.1512262	0	65.1	0	0	3
84	11	0	2.1	188.489553	189.089638	187.897862	190.312213	1.6765889	1.1512262	0	68.6	0	0	3
85	11	0	2.125	189.453518	189.102861	187.897862	190.312213	1.62177742	1.1512262	0	70.9	0	0	3
86	12	0	2.15	188.101046	189.026879	187.897862	190.312213	1.49446127	1.1512262	0	77	0	0	3
87	12	0	2.175	187.909674	188.988451	187.897862	190.312213	1.52156952	1.1512262	0	75.6	0	0	3
88	12	0	2.2	188.690513	188.911228	187.897862	190.152769	1.40616214	1.1512262	0	81.8	0	0	3
89	12	0	2.225	187.846929	188.902852	187.846929	190.152769	1.38094608	1.1512262	0	83.3	0	0	3
90	12	0	2.25	189.590375	188.890648	187.846929	190.152769	1.22246712	1.1512262	0	94.1	0	0	3
91	12	0	2.275	188.467	188.876567	187.846929	190.152769	1.23294579	1.1512262	0	93.3	0	0	3
92	12	0	2.3	189.577026	188.849151	187.846929	190.067647	1.08148255	1.1512262	0	100	0	0	3
