Iteration	CPUTime	PhysTime	Travels	Value	AvValue	MinValue	MaxValue	Delta	Criteria	PrevAvRefValue	Progress	CriteriaType	CriteriaVarType	CriteriaPercentage
1	0	0	0.025	18.8859859	18.8859859	18.8859859	18.8859859	0	0	0	0	0	0	3
2	1	0	0.05	18.2688237	18.5774048	18.2688237	18.8859859	0.308581116	0	0	0	0	0	3
3	1	0	0.075	17.707667	18.2874922	17.707667	18.8859859	0.598493712	0	0	0	0	0	3
4	1	0	0.1	17.1729639	18.0088601	17.1729639	18.8859859	0.877125801	0	0	0	0	0	3
5	1	0	0.125	16.7099934	17.7490868	16.7099934	18.8859859	1.13689916	0	0	0	0	0	3
6	1	0	0.15	18.7895408	17.9224958	16.7099934	18.8859859	1.13689916	0	0	0	0	0	3
7	1	0	0.175	20.0101451	18.2207314	16.7099934	20.0101451	1.13689916	0	0	0	0	0	3
8	1	0	0.2	15.9288616	17.9342477	15.9288616	20.0101451	1.13689916	0	0	0	0	0	3
9	2	0	0.225	16.8764642	17.8167162	15.9288616	20.0101451	1.13689916	0	0	0	0	0	3
10	2	0	0.25	17.8003838	17.815083	15.9288616	20.0101451	1.13689916	0	0	0	0	0	3
11	2	0	0.275	19.3779682	17.9571634	15.9288616	20.0101451	1.13689916	0	0	0	0	0	3
12	2	0	0.3	20.9591506	18.207329	15.9288616	20.9591506	1.13689916	0	0	0	0	0	3
13	2	0	0.325	22.1810029	18.5129962	15.9288616	22.1810029	1.13689916	0	0	0	0	0	3
14	2	0	0.35	23.0275046	18.8354611	15.9288616	23.0275046	1.13689916	0	0	0	0	0	3
15	2	0	0.375	23.7284479	19.1616603	15.9288616	23.7284479	1.41257346	0	0	0	0	0	3
16	2	0	0.4	24.7484672	19.5108357	15.9288616	24.7484672	1.7617489	0	0	0	0	0	3
17	3	0	0.425	25.4340261	19.8592586	15.9288616	25.4340261	2.11017186	0	0	0	0	0	3
18	3	0	0.45	25.5923788	20.1777653	15.9288616	25.5923788	2.42867854	0	0	0	0	0	3
19	3	0	0.475	25.4782831	20.4567399	15.9288616	25.5923788	2.70765315	0	0	0	0	0	3
20	3	0	0.5	25.5634508	20.7120755	15.9288616	25.5923788	2.9629887	0	0	0	0	0	3
21	3	0	0.525	25.3261836	21.0340854	15.9288616	25.5923788	3.28499858	0	0	0	0	0	3
22	3	0	0.55	26.7750646	21.4593974	15.9288616	26.7750646	3.71031063	0	0	0	0	0	3
23	3	0	0.575	25.7444192	21.861235	15.9288616	26.7750646	4.11214824	0	0	0	0	0	3
24	3	0	0.6	25.8874557	22.2969596	15.9288616	26.7750646	4.54787283	0	0	0	0	0	3
25	4	0	0.625	25.9148415	22.757202	15.9288616	26.7750646	4.94211907	0	0	0	0	0	3
26	4	0	0.65	26.1193434	23.1236922	15.9288616	26.7750646	5.3086092	0	0	0	0	0	3
27	4	0	0.675	26.6865056	23.4575102	15.9288616	26.7750646	5.64242723	0	0	0	0	0	3
28	4	0	0.7	26.8200399	24.0020691	16.8764642	26.8200399	6.18698614	0	0	0	0	0	3
29	4	0	0.725	29.593076	24.6378997	17.8003838	29.593076	6.82281673	0	0	0	0	0	3
30	4	0	0.75	30.0859793	25.2521795	19.3779682	30.0859793	7.29501602	0	0	0	0	0	3
31	4	0	0.775	32.4967873	25.9081204	20.9591506	32.4967873	7.70079138	0	0	0	0	0	3
32	4	0	0.8	32.6024068	26.4902832	22.1810029	32.6024068	7.97728697	0	0	0	0	0	3
33	5	0	0.825	34.3026341	27.0963648	23.0275046	34.3026341	8.26090364	0	0	0	0	0	3
34	5	0	0.85	35.7930235	27.7346407	23.7284479	35.7930235	8.57298047	0	0	0	0	0	3
35	5	0	0.875	34.3123058	28.2638336	24.7484672	35.7930235	8.75299792	0	0	0	0	0	3
36	5	0	0.9	39.3284577	28.9928331	25.3261836	39.3284577	9.13357448	0	0	0	0	0	3
37	5	0	0.925	37.4253782	29.5924007	25.3261836	39.3284577	9.41463541	0	0	0	0	0	3
38	5	0	0.95	40.6520379	30.3453837	25.3261836	40.6520379	9.88864375	0	0	0	0	0	3
39	5	0	0.975	38.3498635	30.9889627	25.3261836	40.6520379	10.2768872	0	0	0	0	0	3
40	5	0	1	40.8930161	31.755441	25.3261836	40.8930161	10.7213556	3.74462317	0	34.9	0	0	3
41	6	0	1.025	39.0758443	32.442924	25.7444192	40.8930161	10.9835266	3.74462317	0	34	0	0	3
42	6	0	1.05	40.2417615	33.1162589	25.7444192	40.8930161	11.2550238	3.74462317	0	33.2	0	0	3
43	6	0	1.075	39.668292	33.8124525	25.8874557	40.8930161	11.5154929	3.74462317	0	32.5	0	0	3
44	6	0	1.1	40.8529379	34.1477137	25.8874557	40.8930161	11.8507541	3.74462317	0	31.5	0	0	3
45	6	0	1.125	41.0512149	34.8697975	25.9148415	41.0512149	12.1125955	3.74936914	0	30.9	0	0	3
46	6	0	1.15	41.4341571	35.6088125	26.1193434	41.4341571	12.4851204	3.76210667	0	30.1	0	0	3
47	6	0	1.175	41.4183511	36.3373367	26.6865056	41.4341571	12.8798265	3.77120491	0	29.2	0	0	3
48	6	0	1.2	42.2180464	37.0769339	26.8200399	42.2180464	13.0748648	3.79272651	0	29	0	0	3
49	7	0	1.225	42.5800734	37.8274117	29.593076	42.5800734	12.9869974	3.79970594	0	29.2	0	0	3
50	7	0	1.25	42.7643075	38.4546132	30.0859793	42.7643075	12.6783283	3.7941942	0	29.9	0	0	3
51	7	0	1.275	43.5570517	39.0960928	32.4967873	43.5570517	11.0602645	3.77898223	0	34.1	0	0	3
52	7	0	1.3	43.4932745	39.619735	32.6024068	43.5570517	10.954645	3.74654081	0	34.2	0	0	3
53	7	0	1.325	43.8498813	40.1553291	34.3026341	43.8498813	9.54724718	3.74462317	0	39.2	0	0	3
54	7	0	1.35	43.4737735	40.59205	34.3123058	43.8498813	9.53757555	3.74462317	0	39.2	0	0	3
55	8	0	1.375	43.6874987	40.9679774	34.3123058	43.8498813	9.53757555	3.74462317	0	39.2	0	0	3
56	8	0	1.4	43.4104481	41.4012223	37.4253782	43.8498813	6.42450314	3.74462317	0	58.2	0	0	3
57	8	0	1.425	43.7188492	41.6102885	37.4253782	43.8498813	6.42450314	3.74462317	0	58.2	0	0	3
58	8	0	1.45	43.3643629	41.8930973	38.3498635	43.8498813	5.50001779	3.74462317	0	68	0	0	3
59	8	0	1.475	43.6177201	42.0343203	38.3498635	43.8498813	5.50001779	3.74462317	0	68	0	0	3
60	8	0	1.5	43.4115638	42.2753536	39.0758443	43.8498813	4.77403703	3.74462317	0	78.4	0	0	3
61	8	0	1.525	43.8409281	42.4157304	39.0758443	43.8498813	4.77403703	3.74462317	0	78.4	0	0	3
62	8	0	1.55	43.5336087	42.6280049	39.668292	43.8498813	4.18158926	3.74462317	0	89.5	0	0	3
63	9	0	1.575	43.9719359	42.8056322	39.668292	43.9719359	4.30364382	3.74462317	0	87	0	0	3
64	9	0	1.6	44.0736019	43.0154089	40.8529379	44.0736019	3.22066402	3.74462317	0	100	0	0	3
65	9	0	1.625	44.5017322	43.189161	41.0512149	44.5017322	3.45051732	3.74462317	0	100	0	0	3
66	9	0	1.65	44.2841867	43.343112	41.4183511	44.5017322	3.08338115	3.74462317	0	100	0	0	3
67	9	0	1.675	44.3616365	43.4825158	41.4183511	44.5017322	3.08338115	3.74462317	0	100	0	0	3
68	9	0	1.7	44.2214575	43.6159971	42.2180464	44.5017322	2.28368577	3.74462317	0	100	0	0	3
69	9	0	1.725	44.2383157	43.7122004	42.5800734	44.5017322	1.92165876	3.74462317	0	100	0	0	3
70	9	0	1.75	43.639695	43.7626586	42.7643075	44.5017322	1.73742468	3.74462317	0	100	0	0	3
71	10	0	1.775	43.4475943	43.795196	43.3643629	44.5017322	1.13736934	3.74462317	0	100	0	0	3
72	10	0	1.8	42.9632799	43.7669212	42.9632799	44.5017322	1.53845226	3.74462317	0	100	0	0	3
73	10	0	1.825	43.1605396	43.7510766	42.9632799	44.5017322	1.53845226	3.74462317	0	100	0	0	3
74	10	0	1.85	43.1088402	43.715789	42.9632799	44.5017322	1.53845226	3.74462317	0	100	0	0	3
75	10	0	1.875	43.3024778	43.707632	42.9632799	44.5017322	1.53845226	3.74462317	0	100	0	0	3
76	10	0	1.9	43.4148047	43.6946466	42.9632799	44.5017322	1.53845226	3.74462317	0	100	0	0	3
77	10	0	1.925	43.6316207	43.7051786	42.9632799	44.5017322	1.53845226	3.74462317	0	100	0	0	3
78	10	0	1.95	43.7762898	43.7079139	42.9632799	44.5017322	1.53845226	3.74462317	0	100	0	0	3
79	11	0	1.975	43.9943691	43.7379142	42.9632799	44.5017322	1.53845226	3.74462317	0	100	0	0	3
80	11	0	2	44.0101524	43.7566015	42.9632799	44.5017322	1.51984239	3.74462317	0	100	0	0	3
81	11	0	2.025	43.8601949	43.7779648	42.9632799	44.5017322	1.37946563	3.74462317	0	100	0	0	3
82	11	0	2.05	43.8554497	43.7786563	42.9632799	44.5017322	1.16719113	3.74462317	0	100	0	0	3
83	11	0	2.075	43.8769181	43.7950044	42.9632799	44.5017322	0.989563781	3.74462317	0	100	0	0	3
84	11	0	2.1	43.7257712	43.7832823	42.9632799	44.5017322	0.779787121	3.74462317	0	100	0	0	3
85	11	0	2.125	43.7429819	43.7675385	42.9632799	44.5017322	0.606035011	3.74462317	0	100	0	0	3
86	12	0	2.15	43.4280413	43.7164103	42.9632799	44.3616365	0.452083971	3.74462317	0	100	0	0	3
87	12	0	2.175	43.5315369	43.6805699	42.9632799	44.3616365	0.312680189	3.74462317	0	100	0	0	3
88	12	0	2.2	43.3142459	43.6306941	42.9632799	44.2383157	0.179198932	3.74462317	0	100	0	0	3
89	12	0	2.225	43.4794797	43.5953619	42.9632799	44.2383157	0.199834168	3.74462317	0	100	0	0	3
90	12	0	2.25	43.3100089	43.5511568	42.9632799	44.0101524	0.244039254	3.74462317	0	100	0	0	3
91	12	0	2.275	43.4326474	43.5412974	42.9632799	44.0101524	0.253898665	3.74462317	0	100	0	0	3
92	12	0	2.3	43.2920889	43.5338923	42.9632799	44.0101524	0.261112078	3.74462317	0	100	0	0	3
