Iteration	CPUTime	PhysTime	Travels	Value	AvValue	MinValue	MaxValue	Delta	Criteria	PrevAvRefValue	Progress	CriteriaType	CriteriaVarType	CriteriaPercentage
1	0	0	0.025	194835.173	194835.173	194835.173	194835.173	0	0	0	0	0	0	3
2	1	0	0.05	197822.107	196328.64	194835.173	197822.107	1493.46691	0	0	0	0	0	3
3	1	0	0.075	103310.072	165322.451	103310.072	197822.107	31006.1892	0	0	0	0	0	3
4	1	0	0.1	120989.228	154239.145	103310.072	197822.107	42089.4948	0	0	0	0	0	3
5	1	0	0.125	126603.686	148712.053	103310.072	197822.107	47616.5866	0	0	0	0	0	3
6	1	0	0.15	100270.346	140638.435	100270.346	197822.107	55690.2045	0	0	0	0	0	3
7	1	0	0.175	131658.385	139355.571	100270.346	197822.107	56973.0689	0	0	0	0	0	3
8	1	0	0.2	83655.8938	132393.111	83655.8938	197822.107	63935.5285	0	0	0	0	0	3
9	2	0	0.225	128223.198	131929.788	83655.8938	197822.107	64398.8523	0	0	0	0	0	3
10	2	0	0.25	61857.1321	124922.522	61857.1321	197822.107	71406.1179	0	0	0	0	0	3
11	2	0	0.275	111219.636	123676.805	61857.1321	197822.107	72651.8348	0	0	0	0	0	3
12	2	0	0.3	79895.8947	120028.396	61857.1321	197822.107	76300.244	0	0	0	0	0	3
13	2	0	0.325	103375.252	118747.385	61857.1321	197822.107	77581.2551	0	0	0	0	0	3
14	2	0	0.35	77076.4503	115770.89	61857.1321	197822.107	80557.7504	0	0	0	0	0	3
15	2	0	0.375	98946.9887	114649.296	61857.1321	197822.107	81679.3438	0	0	0	0	0	3
16	2	0	0.4	82852.3544	112661.987	61857.1321	197822.107	83666.6527	0	0	0	0	0	3
17	3	0	0.425	86468.9639	111121.221	61857.1321	197822.107	85207.4187	0	0	0	0	0	3
18	3	0	0.45	70521.5836	108865.686	61857.1321	197822.107	87462.9542	0	0	0	0	0	3
19	3	0	0.475	77781.5963	107229.681	61857.1321	197822.107	89098.9589	0	0	0	0	0	3
20	3	0	0.5	65759.7902	105156.187	61857.1321	197822.107	91172.4534	0	0	0	0	0	3
21	3	0	0.525	64517.2117	98640.2885	61857.1321	197822.107	97688.3515	0	0	0	0	0	3
22	3	0	0.55	61135.575	91805.9619	61135.575	131658.385	70522.81	0	0	0	0	0	3
23	3	0	0.575	58424.771	89561.6968	58424.771	131658.385	64677.4483	0	0	0	0	0	3
24	3	0	0.6	57889.1685	86406.6938	57889.1685	131658.385	62305.3596	0	0	0	0	0	3
25	4	0	0.625	57979.8448	82975.5018	57889.1685	131658.385	57662.9337	0	0	0	0	0	3
26	4	0	0.65	59347.1218	80929.3406	57889.1685	131658.385	58426.2305	0	0	0	0	0	3
27	4	0	0.675	64414.8877	77567.1657	57889.1685	128223.198	54825.9457	0	0	0	0	0	3
28	4	0	0.7	68554.3221	76812.0871	57889.1685	128223.198	55117.7006	0	0	0	0	0	3
29	4	0	0.725	72510.1914	74026.4368	57889.1685	111219.636	50896.0853	0	0	0	0	0	3
30	4	0	0.75	75840.3727	74725.5988	57889.1685	111219.636	49650.3684	0	0	0	0	0	3
31	4	0	0.775	79002.9873	73114.7664	57889.1685	103375.252	45486.0832	0	0	0	0	0	3
32	4	0	0.8	83806.9325	73310.3183	57889.1685	103375.252	45486.0832	0	0	0	0	0	3
33	5	0	0.825	86963.6719	72489.7393	57889.1685	98946.9887	41057.8202	0	0	0	0	0	3
34	5	0	0.85	89936.3896	73132.7363	57889.1685	98946.9887	41057.8202	0	0	0	0	0	3
35	5	0	0.875	93056.1213	72838.1929	57889.1685	93056.1213	35166.9528	0	0	0	0	0	3
36	5	0	0.9	95779.6934	73484.5598	57889.1685	95779.6934	37890.5249	0	0	0	0	0	3
37	5	0	0.925	100274.408	74174.832	57889.1685	100274.408	36375.9465	0	0	0	0	0	3
38	5	0	0.95	104641.519	75880.8288	57889.1685	104641.519	34739.9418	0	0	0	0	0	3
39	5	0	0.975	108799.498	77431.7239	57889.1685	108799.498	32666.4473	0	0	0	0	0	3
40	5	0	1	112890.808	79788.2748	57889.1685	112890.808	26150.5492	11065.3825	0	0	0	0	3
41	6	0	1.025	117063.517	82415.5901	57889.1685	117063.517	19316.2226	11065.3825	0	0	0	0	3
42	6	0	1.05	121589.11	85438.2668	57889.1685	121589.11	17071.9576	11065.3825	0	0	0	0	3
43	6	0	1.075	127128.236	88873.4401	57889.1685	127128.236	16383.7008	11065.3825	0	0	0	0	3
44	6	0	1.1	132438.961	90947.9887	57889.1685	132438.961	18458.2494	11094.6541	0	0	0	0	3
45	6	0	1.125	137103.802	94720.1141	57979.8448	137103.802	22230.3748	11252.1623	0	0	0	0	3
46	6	0	1.15	141441.929	98694.4991	59347.1218	141441.929	26204.7598	11465.6209	0	0	0	0	3
47	6	0	1.175	145472.923	102795.728	64414.8877	145472.923	30305.9884	11704.4698	0	0	0	0	3
48	6	0	1.2	149513.881	106848.061	68554.3221	149513.881	34358.3214	11959.3744	0	0	0	0	3
49	7	0	1.225	153323.011	110884.665	72510.1914	153323.011	38394.9256	12221.1191	0	0	0	0	3
50	7	0	1.25	155913.217	114856.238	75840.3727	155913.217	42366.4983	12469.3679	0	0	0	0	3
51	7	0	1.275	157376.889	118738.929	79002.9873	157376.889	46249.1896	12692.4397	0	0	0	0	3
52	7	0	1.3	157970.758	122499.299	83806.9325	157970.758	50009.5596	12885.7563	0	0	0	0	3
53	7	0	1.325	159301.212	126094.265	86963.6719	159301.212	53604.5253	13064.6832	0	0	0	0	3
54	7	0	1.35	159771.651	129561.311	89936.3896	159771.651	56723.1183	13223.0896	0	0	0	0	3
55	8	0	1.375	161594.186	132973.587	93056.1213	161594.186	60135.3943	13378.6005	0	0	0	0	3
56	8	0	1.4	161892.632	136251.516	95779.6934	161892.632	62766.9565	13517.4704	0	0	0	0	3
57	8	0	1.425	162981.361	139451.596	100274.408	162981.361	62706.9534	13649.6091	0	0	0	0	3
58	8	0	1.45	164182.097	142494.819	104641.519	164182.097	59540.5779	13777.0719	0	0	0	0	3
59	8	0	1.475	165559.884	145395.694	108799.498	165559.884	56760.3858	13901.9948	0	0	0	0	3
60	8	0	1.5	169051.774	148264.849	112890.808	169051.774	56160.966	14040.6146	0	0	0	0	3
61	8	0	1.525	172327.646	151095.175	117063.517	172327.646	55264.1291	14189.4316	0	0	0	0	3
62	8	0	1.55	175850.905	153894.575	121589.11	175850.905	54261.7949	14348.742	0	0	0	0	3
63	9	0	1.575	179401.338	156647.538	127128.236	179401.338	52273.1013	14517.3544	0	0	0	0	3
64	9	0	1.6	185159.682	159410.94	132438.961	185159.682	52720.721	14707.9053	0	0	0	0	3
65	9	0	1.625	190665.291	162183.622	137103.802	190665.291	53561.4884	14915.7018	0	0	0	0	3
66	9	0	1.65	195262.43	164953.081	141441.929	195262.43	53820.5011	15126.1477	0	0	0	0	3
67	9	0	1.675	202259.866	167849.173	145472.923	202259.866	56786.9429	15331.7255	0	0	0	0	3
68	9	0	1.7	206320.878	170746.695	149513.881	206320.878	56806.9973	15522.199	0	0	0	0	3
69	9	0	1.725	210298.291	173641.19	153323.011	210298.291	56975.2802	15699.6478	0	0	0	0	3
70	9	0	1.75	212135.726	176441.796	155913.217	212135.726	56222.5086	15857.803	0	0	0	0	3
71	10	0	1.775	215301.303	179269.8	157376.889	215301.303	57924.414	16005.7689	0	0	0	0	3
72	10	0	1.8	217540.687	182134.743	157970.758	217540.687	59569.9282	16132.4656	0	0	0	0	3
73	10	0	1.825	220749.024	185124.184	159301.212	220749.024	59029.9194	16251.7182	0	0	0	0	3
74	10	0	1.85	225186.433	188261.575	159771.651	225186.433	58700.2642	16370.4179	0	0	0	0	3
75	10	0	1.875	228824.017	191549.783	161594.186	228824.017	58576.1961	16484.5541	0	0	0	0	3
76	10	0	1.9	232633.602	194932.613	161892.632	232633.602	58681.0964	16596.8744	0	0	0	0	3
77	10	0	1.925	236727.948	198496.199	162981.361	236727.948	59044.6035	16701.5003	0	0	0	0	3
78	10	0	1.95	239304.374	202130.628	164182.097	239304.374	59635.8094	16793.551	0	0	0	0	3
79	11	0	1.975	241851.642	205829.178	165559.884	241851.642	60433.4846	16874.6862	0	0	0	0	3
80	11	0	2	243190.911	209525.894	169051.774	243190.911	61261.0442	16941.4444	0	0	0	0	3
81	11	0	2.025	244904.886	213137.947	172327.646	244904.886	62042.7715	16995.9508	0	0	0	0	3
82	11	0	2.05	244886.148	216593.113	175850.905	244904.886	62698.5388	17031.6987	0	0	0	0	3
83	11	0	2.075	244636.497	219868.618	179401.338	244904.886	63221.08	17046.4615	0	0	0	0	3
84	11	0	2.1	243861.401	222938.145	185159.682	244904.886	59745.2038	17042.4485	0	0	0	0	3
85	11	0	2.125	243233.921	225703.585	190665.291	244904.886	54239.5951	17023.0643	0	0	0	0	3
86	12	0	2.15	241863.571	228141.598	195262.43	244904.886	49642.4557	16990.3769	0	0	0	0	3
87	12	0	2.175	241351.012	230336.292	202259.866	244904.886	42645.0196	16946.2156	0	0	0	0	3
88	12	0	2.2	240458.302	232155.265	206320.878	244904.886	38584.0071	16891.2663	0	0	0	0	3
89	12	0	2.225	240072.416	233762.482	210298.291	244904.886	34606.5945	16826.8993	0	0	0	0	3
90	12	0	2.25	239306.837	235143.841	212135.726	244904.886	32769.1597	16757.3363	0	0	0	0	3
91	12	0	2.275	239383.406	236441.349	215301.303	244904.886	29603.5825	16686.1964	0	0	0	0	3
92	12	0	2.3	238501.929	237546.141	217540.687	244904.886	27364.1991	16616.0795	0	0	0	0	3
